1.30900422692	-0.456259541749
-3.99313953007	1.66702520019
-3.06831298567	2.24471078809
-1.57897366488	-2.20820561358
-2.44102837684	1.13181269715
-4.45430949659	0.242823941904
0.114179818241	-2.98437650019
0.105027905641	-5.32034089156
2.2495547084	-5.38406658545
-3.7537424388	1.58640063979
-0.0805294901986	-0.0395218657159
4.42361665709	-5.83867789548
-0.16218900252	-1.66734598688
2.6060770445	-5.18204208857
-0.748509280672	-2.47527963945
2.41042419577	-5.22158935843
-0.00257938119601	-1.07611480793
3.75421173118	-4.54564073425
-1.10875456266	-0.683475256455
3.48191903821	-3.71861003391
-4.44807090627	1.25448225937
-0.297346960158	-0.277137022185
-1.69197296112	-1.12332293243
2.05115884908	-5.85096857117
-0.397476055666	-1.7262684041
3.54820967473	-6.0520496616
-4.21469103711	1.13336014167
1.68081512634	-5.62763460199
0.0935877829613	-0.676153693108
-3.91241546184	1.90384721716
3.28287465702	-4.14124089078
-0.696853618506	-1.88622277384
-5.64810097489	1.09720958156
1.45046417811	-6.94621934725
-4.76068599858	0.50152904876
-0.276957501483	-2.92576925967
-3.98110625193	1.2981073196
-2.25073708015	-0.296268809671
2.29274866869	-6.17169513887
-3.02171621782	2.77431034842
0.440944819785	-1.28007350769
-4.06577597152	2.19626204635
1.17134363196	-4.81902969546
4.18528391919	-7.35671748314
-1.44103156277	-2.80568325777
-4.20530315375	2.82597632814
-1.15067987227	-3.44251359265
1.12984043381	-0.120809061799
2.58151148446	-6.40570919876
2.84188701037	-5.68670129503
-0.179349415663	-1.68389265835
-3.07006109435	1.82715599691
-3.16148369878	0.665032247055
2.74008019377	-6.74229793077
-3.8983136526	0.389090501984
2.89302607771	-5.12349388924
1.45296299612	-5.67875287736
2.27878359636	-5.92883230432
-6.04325717448	0.73903702637
0.125148310286	-1.7830049078
-0.164414501869	-0.339750602573
2.3103912586	-6.32284431373
-0.265062757393	-1.37150343931
-0.83430380365	-2.10810339093
-4.62408310144	1.09338824934
0.975403426912	-5.51590334815
-0.444644415197	-1.2113374524
0.341763383604	-2.79657818572
-3.4631736254	-0.620034171384
-3.66528792788	0.865844574034
-0.480365797473	-0.911585821278
-4.66374345598	1.55513425168
3.25583127753	-5.62864025604
1.87285485001	-7.19546123986
-1.89911030798	-1.17986934004
-4.90267222414	2.35259805502
3.73560557491	-3.75736412911
-4.42680550451	3.18795580075
3.39061954676	-5.04306336349
-2.56480841616	1.88291978784
-3.3699744417	1.73447153248
1.94191655974	-4.14582104062
-3.21318262602	0.532257998361
3.86876781848	-4.76373324664
3.13452027469	-5.99015514651
1.16238854698	-5.30223252465
-3.06534476928	2.88466113968
3.27664730257	-6.31099412509
2.79592935027	-5.38550684929
1.73280945005	-2.6459510619
2.30922189644	-5.07835571242
2.07353436072	-0.209420408293
0.0437409423717	-1.55213910386
2.63771337828	-6.37722102407
-1.22862831259	-2.51573381568
-5.9911488085	0.591836131636
1.59081573366	-5.98226193105
2.57857779918	-7.33786006459
3.7089623699	-6.59986863586
-4.96702430185	0.965713228568
-4.76325254282	1.50740015769
-1.00222142265	-2.62431005629
-6.00172830235	0.887768381663
-1.40150266869	-0.52418566466
2.53593222729	-5.3762311232
-2.90294925143	1.69989595624
0.988724874836	-1.27985792373
1.30052024213	-1.09804559569
-3.57346189088	3.31774064363
-0.0672013260395	-1.6719109471
-3.24573970853	0.117533931978
-4.59846548916	2.26545075716
-0.976448230696	-2.95272541398
-0.333821352754	-2.65730419265
-4.23088563395	2.01123366995
-4.70767173019	0.129271945617
2.06171537516	-3.98619704048
-1.93871574952	1.57400800092
1.61758797842	-4.37624018104
-3.57199539199	1.63718320308
2.67100431842	-5.27548009473
-4.67242025007	2.33437935823
3.21064096372	-7.39133632209
-5.96418730812	2.89631731477
-1.11509249635	-1.7996463467
4.41479675798	-4.73995343597
2.85326355617	-6.35416032737
-4.46084900759	1.00498525102
3.24979526577	-5.29339707986
-2.24912098071	-1.20332730384
0.0919180445701	-1.27908777
-3.85442340854	2.13361513558
1.41032015862	-5.80759713719
-3.17602188463	1.12697976632
-4.13058396509	2.08739555641
-3.71508015699	1.30693674221
0.390693864047	-1.24244245934
-5.17676090878	2.6768104709
1.13019848813	-8.06016922014
2.71151075442	-6.82924753941
-4.21621688025	1.23218929736
-2.40804391734	0.770173206815
0.0732238814043	-2.13671021203
-3.93669554895	3.63845924067
2.46607889593	-5.08542908729
1.1780960723	-4.95270136259
4.16777860979	-5.51960576332
-3.35468065863	0.174592737118
-1.47663639781	-1.07092712856
-3.68004026786	1.28410268512
-3.82491634647	-0.406722378934
-5.17902641768	3.47480698112
-3.42910309443	1.82107628068
-4.5991373936	3.1653348655
-3.29053995844	1.26534435362
-0.526083176711	-2.35527562788
2.20285997875	-4.88179049282
0.014224703826	-1.73988948501
-1.02090147819	0.211549201544
4.85628921118	-6.73871561541
0.353676203752	-1.59448157829
-3.45681500273	2.33328370193
-0.695021922269	-1.91249267065
2.06920158707	-5.81811548935
-3.43746652791	1.78109489172
1.97838057213	-5.46059779022
-3.23052451789	0.745519743029
-1.13120898126	-3.46210471886
3.3254478428	-5.88731681453
1.77898644341	-6.53589347535
-1.03932705091	-2.54928146077
3.53864113529	-5.00351248681
1.65573533857	-0.82587157443
-5.00854450515	2.49915446299
-0.96704379431	-0.10960217867
2.67677132461	-5.65693834565
4.20800311065	-8.7327648303
1.58827625238	-4.15135079979
-0.992920366883	-2.1102245195
-4.52018635968	1.38563306439
-5.96522216769	2.30012058894
2.13857588361	-5.63510227732
-3.88902443992	0.210598453346
-5.19555600856	1.37086710128
3.17894691218	-4.4704908781
3.53417910578	-7.26436930492
-5.00838029051	1.89002436185
0.410996874002	-1.07732316107
-4.67265011156	4.74869722659
-1.12011251588	-3.86596373895
-3.38597096026	2.55478820987
1.6282235374	-6.72608666347
2.46446362093	-6.06157235846
-3.32707902761	1.22426987647
-2.99711639718	0.857735481989
-3.64619314636	1.29229109432
1.93850368957	-5.80003292963
-1.84911433146	3.58319811629
0.88009286778	-1.51516544986
-2.93472414803	2.10493454312
-0.602566112604	-2.17069724642
-2.47341306387	-1.47724823133
-1.18445745612	-1.99350513887
-5.05168465066	1.4293820346
3.53181807593	-4.18679257622
3.63083507653	-6.62345338849
3.24312103748	-5.22267548418
-5.99067683665	1.72258065152
1.9524611883	-2.4257030515
2.84626422211	-6.11180419265
-0.922675878893	-3.30597731437
-1.99337811852	-1.94047781615
-0.0182267050445	-1.01303317565
0.862772909421	-2.59188054087
-1.31732284753	-2.11533879636
2.99057551307	-6.32464840698
-0.552171488538	-1.7206653432
-4.79502283495	1.65004182149
0.906342869993	-1.1703659201
2.77566420879	-5.88055340058
0.498243427573	-0.293015592072
0.631846169645	-4.83840272346
1.67602874688	-4.78915581869
-4.50097768609	3.21022191665
-3.52776578377	1.79425434053
2.68450851027	-4.58956967824
-4.00904128172	2.18648933037
1.76100622274	-0.798053803424
-5.80751666144	1.92864688156
-0.342119976997	-1.95491616878
3.56203242486	-4.17669309416
-3.19214896056	0.820375152529
-4.1097402202	0.28518548849
-4.11777025315	1.6633364711
1.24920572324	-5.53600054418
-4.29531280408	4.57556451967
0.818186647103	-1.21464990265
-2.07545904268	-0.0714640166136
-0.765642618657	-2.61155903478
0.66228333128	-3.84747320726
-4.46462714412	2.27727201599
-5.16886969422	3.28881215582
-0.190771106425	-4.57899038988
-4.38988079174	1.76890500076
2.62133922307	-4.6107174322
1.88804091106	-5.11023880025
-3.52693305434	2.69157401372
3.00034593853	-4.56044961306
4.24165103726	-4.53228322145
0.272803075494	-0.480961744901
2.02001230483	-3.65218028151
-4.82091589385	2.87167409938
-2.7047637225	-0.221780630279
2.16473887926	-4.46861988653
-0.38086041006	-0.839260803297
-0.850207269441	-0.316780464341
-0.979988303515	-2.98454879371
2.53529322421	-6.84308901872
2.83926170065	-4.6321174126
3.33137875782	-5.44425750646
-2.18687622321	-1.31088660458
4.57395316961	-5.64799893778
0.653666126788	-0.983751601923
-3.75166929688	3.10209976442
-3.5022375645	2.43109683187
-3.53119701601	2.12974073958
3.07168443891	-5.37644508814
-2.08013456486	1.92064260503
-3.39148128013	3.20217489801
1.47141647937	-6.61649701655
1.81074446347	-5.86507171141
-4.37079763136	1.38628578682
-3.61508895435	1.7219216448
1.36446293316	-2.04317590716
-3.04402795355	1.88279724354
2.19380568062	-5.65172326865
3.38151920809	-4.02039443756
3.44953533487	-5.06541069975
-5.81734652012	2.10733240613
-5.08212523202	1.87629852559
-0.123532867122	-1.4252649612
1.37440086546	-4.65302320162
1.60404052293	-4.94782821994
0.423343130334	-1.97655744129
2.08056728009	-4.19794120588
2.98778761308	-5.3470699938
3.25086773512	-6.2820668912
-5.24527601999	1.02174459508
3.46344876472	-6.83263387111
-1.86181485808	2.04428333574
-0.589531948219	-1.91163664146
-4.51570121385	0.952695144135
-3.33683985264	0.207491166024
-4.18864366017	2.70908990748
0.475557550745	-3.95250649251
2.79247953767	-6.08707385492
-2.37263369284	2.16075000343
-6.06478442397	4.68109952191
1.12493223451	-3.33398597822
2.30094984643	-5.78110474463
3.97452981196	-5.72675129688
3.33718148695	-5.71576017035
2.27500745042	-4.88990643655
-1.4553943389	-0.470673329623
0.416594083331	-2.09256103649
2.34001484427	-4.95162649326
-2.74140369496	2.67205003156
-2.28952009854	2.92905798177
-3.23157761299	4.60889864497
-1.3810417803	-1.6353980002
-0.863686892503	-2.16547243958
-0.381822220193	-0.839441129239
-0.0804730576495	-1.91530348007
2.35565526147	-5.73851242424
2.26391777621	-1.1084970101
2.97197319974	-5.9321160141
-3.50407875906	2.80288260684
0.864317951129	0.0778638656145
-3.41560626628	2.93711060139
3.84584604632	-4.17762308261
4.46083145212	-7.40540533164
-2.58126689317	0.4741748602
3.65826583163	-6.35772212935
0.790590868286	-3.67954887067
2.94375779362	-4.93018200257
-4.44295566256	0.8483770233
-0.393001307016	-1.0938279604
-0.367669877987	-2.5243908185
-3.83297399991	3.30738567184
-1.98624686854	-0.675124232528
-3.18695173329	1.87927466517
-4.43233028803	1.42530364138
-3.53432493444	2.19205465656
-3.26153579344	2.78563754199
0.124431872912	-1.7610728746
-3.62796126509	1.53899057135
-3.52768799884	1.62434901583
0.92398906644	-2.34712265421
3.36656412825	-5.42475031771
3.05832850766	-4.67167396587
-4.51635437598	0.532545230604
1.13384664302	-5.51171780513
1.69520685657	-6.77940363093
-3.31537291225	1.29372854184
3.28391845341	-4.63945944941
-5.11178657485	2.52597351624
2.48873110776	-5.75262438953
5.16629253563	-6.75346677222
4.27851046619	-7.58648275738
-0.81797073313	-2.66381124582
-4.13304018342	1.88485699356
-0.520601169215	-1.48004275563
-1.34691118994	-1.59952350143
-1.49895394536	-0.0325010658915
1.06534634627	-2.84711255073
0.0429119135966	-1.41028060871
-3.03803269472	1.15944642077
2.68794545322	-4.17832440133
3.98013641057	-4.81732158434
-0.573487087056	-1.79100226167
-3.51251732261	2.35116000847
-3.82914059253	2.08882007075
3.23527445233	-7.63372161324
-5.49610880504	1.1253750748
0.0577644089861	-0.965652964483
3.36429451872	-6.16134740931
2.60825177767	-6.43639931268
0.84417107807	-1.21594121591
2.39277072554	-4.97496842627
-0.0647236213993	-0.292167738408
-4.04560252469	1.986604471
1.79850806005	-4.3476768998
2.88162161053	-6.07823287596
3.61033876148	-5.70091460643
-3.52934913131	2.64674978412
-4.0174346454	-1.84148367277
3.22186427709	-6.17675192038
0.366902377523	-1.90593188155
2.19561577511	-5.37125087355
2.48291122166	-5.42705369727
3.91672739986	-4.44184477724
-4.27386143558	1.32159661347
-2.59276045564	-2.04942871413
5.80008631507	-6.83750409489
-3.42917355166	2.79221296313
-0.871326568866	-1.25848051624
4.19857483113	-4.55388890636
-0.40959995954	0.638642877887
3.70639675991	-4.26955772459
2.27191038825	-6.94564022306
4.9508157766	-6.18211741666
4.16225403796	-6.10740925127
0.60675483505	-0.640520666671
2.6352171302	-5.08791859517
0.0580405204798	-2.28508312376
3.65163840101	-5.24409774458
-3.39732740571	1.05175072319
0.39407451388	-1.77441274775
-2.78600174917	1.13075188499
2.55299858357	-6.35812061004
-0.938319691597	-1.43902261096
-0.144817142998	-1.91537558942
-0.909373469763	-2.8159204512
2.22290459606	-7.17354266065
-3.94483714857	0.616754851184
1.95235570133	-7.31098819065
-2.80402502232	1.27362076551
1.83731531903	-5.75922705079
-4.29402441767	1.81711687408
2.21744984757	-6.03991772508
-0.993511457047	-0.279502736716
-5.5022717582	1.37563293795
-2.14049545187	-0.899058750428
-3.54315748189	-1.63375636197
-0.910301513783	-0.638604115854
-3.86783032128	1.58805654646
3.37308444692	-5.09640956325
-5.09470183915	0.91664317563
2.69800884599	-6.19807592689
3.7578479794	-5.70136416185
3.84585583528	-5.59938994839
-0.169860400718	0.365564995178
0.452257196432	-2.2496143337
-6.18125518721	1.58267765509
-3.68843939726	0.932043785529
2.38050725397	-4.6809128303
-3.86808374165	1.88267201586
0.508762440358	-2.75229886904
0.21963207236	-0.319468959428
3.53898986382	-4.85037424067
-1.28609968887	-1.58234979116
2.47582662099	-3.91232138675
-2.8777708528	2.70007389185
0.253292824994	-1.58891564596
-0.758073442536	-0.880418098781
-0.100033171449	0.195157498994
2.49380999793	-6.50352522311
2.12214531199	-5.94857170194
-5.42201945084	2.12490566872
1.16650285867	-6.25373880806
-4.26584303337	3.43127187833
-0.974873746976	-0.55718379286
3.19988824828	-5.10995651205
-3.88642268053	-0.802028018501
2.12432429709	-6.31390775492
2.96797123298	-4.48900302371
0.708001047086	-0.890213470086
-5.6542643555	1.69040445732
0.829715996109	-2.40161855652
1.29267543195	-6.68389577042
3.66141306746	-5.64967063656
-3.16922186919	2.83100852455
2.65466868209	-5.77345066356
-1.61478723262	-1.91625151402
-5.04498226381	3.63127432445
-5.1853810667	2.84834792154
-4.96780177262	2.5670110838
-0.302514001121	-0.861964886114
-2.5927179528	0.962616251238
2.66468737474	-6.57286336796
1.61948959547	-4.85973148245
-6.25569120716	2.60980366979
-4.53294988175	0.633458989091
-4.92908225546	1.82068754797
-3.99038819946	1.01640885945
2.60048614942	-4.65334563114
-4.79258469236	0.581826387467
-3.45443693965	1.24210518456
2.79953818831	-4.34706989069
2.52795008428	-7.7345343896
-3.95778482254	0.570077554531
-0.0763326704571	-1.62833277162
-3.80833820773	2.45201949436
3.6181873762	-6.39079478294
-5.24435024332	1.98303092803
-3.03734561267	0.332062333679
-3.65400445491	0.374899021161
-1.01534241485	-0.806484329634
3.48957517389	-5.44135354095
-0.564191114578	-3.35071925993
1.2630106356	-6.01747626793
-4.58057490834	1.50836889476
2.17088770749	-2.44413701945
1.30711135622	-5.56822344952
-4.37612393069	3.43135644287
-4.03613597884	1.74288722277
-0.214736383442	-0.330238194063
0.415776585824	-1.29317391482
-5.58717178719	1.98355841094
-0.0388439346623	-6.83210133793
3.05093656894	-5.70273884847
-1.28045865626	-3.58676869624
3.51727840865	-5.38528611749
-4.39894300193	1.52912712751
1.92370166105	-3.51825475094
-1.82108340817	-1.65936376325
1.2025216639	-7.25988318954
-0.171755175172	0.200143071713
2.20407055215	-5.57074682415
-3.76846259679	0.942782951607
-0.689791653679	-1.48311381816
-3.5076524232	1.77455442163
1.95154189116	-5.17988398018
-4.84690735799	1.96283018479
-1.69343120353	-0.978282488779
0.613874003552	-5.68819947701
0.145616724241	-1.16146141617
-0.310703980179	-1.47263025444
0.73957026218	-1.02143282877
4.63306122981	-7.60585049179
1.44536246168	-5.29275022691
-5.83917919947	1.90445232006
2.70074824827	-5.36595108468
-5.29529471514	2.01340295108
1.30148223549	-6.54145353963
-2.57636566382	2.67620849512
-5.30720641926	2.04518166397
-4.86865780618	2.59380347019
0.795592815053	-4.73385127675
2.10383692482	-5.68806235187
-4.57342690069	2.81071921732
-5.2914452843	1.87087329327
2.7999302202	-5.57531093771
-0.380617957548	-1.83568283625
1.61780515645	-2.56373941056
3.71669727013	-7.66689561381
0.0879366509504	-1.47198759718
2.02896654741	-6.49759199061
-0.626550366997	-2.14092836695
2.78610276827	-4.93071006833
-0.797275837048	-1.04763595125
-2.836666707	2.48254400508
-1.93553401799	1.98443860606
-5.30071368132	1.43698960633
-3.48324107541	0.0374096795298
-0.815116477325	-2.28665049115
-4.31539141085	-0.466618613772
0.496641598887	0.212463995137
-3.93071951426	1.60213819876
2.04996093243	-4.61833771285
0.237002443751	-0.596760864942
3.65003606974	-5.52487642771
-3.21087998106	1.89613438979
1.10990727243	-1.95510497704
1.02162624688	-6.35585144971
-2.10995828502	1.68233965345
2.56562106588	-2.50751238955
0.747863350443	-2.60129714983
-4.27145314585	3.07994542554
-0.690274220841	-3.69486650842
-0.812885690701	-0.136861550964
-2.75650926794	1.3079739947
-5.83363554034	2.50702991527
-4.56210996072	2.61480395888
3.04149597672	-6.64643390491
-5.16296474122	1.24152865335
-1.16526793419	-0.949541480375
0.459725641811	-0.882571798408
-2.68508518417	0.485175173263
-2.73717406471	1.72656762012
-4.11392282277	1.53627132667
0.757814638965	-4.56285366708
-0.65790239291	-3.04795254482
0.151759111142	-0.617400278541
-1.30099880655	-0.209621273092
-3.11005133585	0.141629196175
-4.06451799967	1.16013438337
-0.674502767256	-2.26122790552
1.20680608846	-4.75568756227
1.81641595842	-6.0518464054
-1.06979846211	-1.89030601467
-2.54896984923	1.65199079868
-5.01607087679	0.220238737376
0.668463004304	-1.41617885065
-0.486565511618	-1.34539892654
-2.10719178386	-1.33655791735
2.53362451581	-7.14088513257
-0.320042417666	-1.781571456
-0.183187288466	-1.8792190573
-1.5617315931	-2.28307279698
-1.28489659698	-2.08184235375
-1.3849613592	-1.41039137531
-2.21903902434	-0.249009095397
2.71299140028	-4.91745581111
-3.74189169519	1.66070259561
1.64541074246	-6.50060812664
0.844337170448	-0.656643609666
4.82811528534	-3.88181028533
0.0700611042696	-1.15188984527
-2.724600339	-0.822384648242
1.06916586364	-0.325525102006
-0.0722181130317	-2.09842470232
-1.00833400405	-3.29564230901
1.26436560061	-4.31884869157
2.59956514204	-7.41155974336
-4.53429933969	2.45043380224
-5.21365260712	3.21542883154
2.9887622384	-6.35812616175
2.80275205647	-6.39367218261
-0.543407956775	-1.16124754552
-0.401845709665	-1.41588386438
-0.0754905153711	-2.56771284935
2.00925374864	-5.00518750278
2.89689899465	-4.50929350201
-2.52996625321	-1.00054678278
1.26804329756	-4.61722777535
-2.38792932467	3.00047054361
-4.09388395119	2.83220400406
-4.2213335312	2.11171544046
-3.76053128341	1.0855268563
-4.94209562873	0.87875856629
-5.31535345774	0.918425030032
-4.40215157912	2.28627160473
3.5153516332	-3.30303626448
3.32671621631	-5.71383152386
-2.97810893467	3.21004561507
1.97976931328	-4.8341825972
-3.70542235465	1.7571750666
-0.411928763542	-2.02034331765
4.42532636624	-4.44897319077
-5.30336083966	-0.595112815709
-0.301895976196	-1.4125050968
0.479873737498	-2.12016095411
-0.622537425967	-1.42134839961
2.54247090596	-6.76004172055
0.641651990736	-2.6770392067
0.0691481395002	-1.16202013618
2.46598358653	-5.30881474269
-1.7961962471	0.303679753557
-3.47129249014	2.76481589922
-3.43616844796	1.82919915408
-5.16046308146	2.14112967447
-1.39287731487	-1.52655857024
-3.29624394535	2.26053134417
-0.168529761313	-1.09573814687
-1.56237892587	-1.02560593169
3.52873043271	-5.50837964364
-1.99346696916	-2.48691074646
-0.955647482896	-1.82014334283
-3.2161981073	2.88454583305
0.307334219016	-0.249729528004
-0.302005153391	-0.756158649649
-2.92749271967	1.66098105878
-2.17634847188	-0.530193700185
4.40870434833	-7.20887279273
-2.72550821731	0.899568767642
-2.15142741825	2.42903290603
-0.800029436792	-2.16943483245
-0.860521144158	-2.67233930562
0.527220846459	-0.63316979901
1.46513180528	-0.937663136062
1.17197291266	-1.87841489956
-3.2066257306	3.51100027066
-3.78455043341	2.64546973838
1.19866154345	-6.5158405925
-1.95969063285	-0.946502212449
-0.305189411889	-0.0141865547771
-4.10001239637	1.62633251634
-4.84192735632	2.43998261023
0.18290554853	-3.85198243471
-3.90711568133	0.756024776964
-0.524009402056	-1.78580550872
-2.97321629536	2.65326464683
-4.21290183342	1.01636708654
-0.664265279167	-3.3451152606
-0.337457823929	-1.67256877872
3.15964139258	-6.35924175925
0.568846881709	-3.50038856401
-4.07665459104	0.413606476284
-4.5576091878	1.88491270279
-1.08297656797	-1.82829832119
-4.6769828671	2.47660317775
-0.919375816957	-2.07495355537
-4.49136984822	1.65572025065
0.812524248069	-1.576714241
0.813531022532	-1.99009233129
0.779231516843	-1.47277902625
-3.78574142772	2.62973097492
-0.451633642405	-0.737444298964
0.124580219972	-1.03581869841
2.26985275172	-4.60201850306
-0.168108225994	-2.03709100018
0.209079421117	-2.60841025001
-4.65705258396	2.53030224139
-2.21993146925	-2.20991629143
2.79279546361	-5.05998479051
-4.44099087664	0.409175480165
-3.7162841552	0.829456148632
-0.642826261895	-0.398615183594
-3.25989680409	2.25862486536
2.97439047195	-5.36193178302
-0.834303077634	-0.47651155668
-1.02576187874	0.163610391513
-1.00580286625	-2.02028809917
-1.44698779642	2.55254526661
-3.09464850244	-0.199307309852
-4.455398034	-1.2020441815
-0.785947999057	-1.49013147367
-4.24097187083	3.02265797103
0.341964212637	-1.57187889539
4.37827157937	-4.95669594176
-2.78934085957	3.16469229696
2.69073153439	-5.25740916065
-0.648761317765	-1.95264046386
0.342301243642	-0.959708597045
-3.69890280355	1.10213261549
1.63988709563	-4.05590333751
1.85104676915	-7.11559698423
-0.220161797668	-0.840202651375
2.2270208006	-4.41758609251
-1.22628568404	-1.52754847826
-4.45661108039	0.684245620848
2.84301958973	-5.98919421495
4.0371630982	-5.83420312476
-4.46436195979	2.25735947503
-4.97801502969	2.554253807
-1.72941218612	-0.0290878640454
-3.4577449527	2.49665845077
-3.27067672729	2.39248055294
-4.96152164851	1.60822559211
1.05332162318	-0.578044171245
0.789338469767	-3.67461254158
1.72770146991	-6.21854465503
3.22586007768	-6.7365420459
2.39811969486	-4.40741503987
0.260380214809	-3.63773581684
0.500355602547	-1.88153518606
1.22334361251	-5.47826894378
-1.42791097322	-0.521870877208
3.40879641176	-5.47771046433
-4.97974806374	1.40100721807
4.54826219818	-4.65630003413
-6.51550638354	3.05005182824
0.343465950505	-2.33489370259
2.38408053264	-4.56482705231
1.50351207425	-5.43200167264
-2.55849705312	1.96447241499
-1.04765215101	-1.67218014477
-5.50074792945	3.0994234461
2.39170321338	-5.41362979906
-1.36061125314	-2.11521052134
1.84719620316	-7.68281929844
-0.517474417357	-1.78139188808
0.97194634223	-1.07668272619
-4.91529934356	3.60870327057
1.6263672711	-6.96249002093
-5.93598811723	2.01168826784
3.48156145477	-6.56272044144
4.60658993295	-4.87132134962
3.65085535942	-6.18125603001
0.898972919209	-6.54595223857
1.70972179127	-7.34091549467
2.16393963243	-4.87707555944
2.72776324025	-4.24434842872
-4.18203822051	2.39939574982
-5.22443821814	3.52556214976
-1.42493024571	-2.52060847425
-0.090699525435	-1.91399615996
-5.1393819857	2.48630846518
-3.66719967711	2.62347133394
-1.64827716105	-2.07625027256
4.39592503411	-7.16798026916
-5.00881865272	0.367815113283
-0.972612740552	-1.63676873783
-0.972635600387	-2.18944161135
-3.71850794097	2.72837880254
-2.99169103677	1.86423263842
3.23914483191	-4.6434365641
-4.06871437549	1.30402385473
-1.16757231645	-1.50402335239
0.252777868367	-0.572090989662
-0.710793035938	-2.45892126261
-2.97793514971	1.75048882152
2.99491270656	-5.59992088931
3.44955958187	-6.34612674486
-2.81353258272	2.27211155354
-0.881002145612	-2.07760072719
2.33166304383	-5.25343175401
-2.66020907945	2.55527708885
2.22811779236	-7.95716516057
-1.37066332982	2.52556951112
-3.44270538737	-0.346480344978
1.50614263042	-6.24005216706
-0.442622960716	-1.09437233303
1.24620734519	-5.22753214621
0.233300023266	-0.88468859759
3.37654094058	-5.90683959526
-3.33914858198	-0.0419515511811
1.52034335039	-5.16228071118
-0.376809891808	-1.63732809883
-1.93438294877	-0.97320694762
-3.72690360384	0.0226273308892
-4.79052271419	2.43136019171
-4.22114728336	3.01331382695
-1.55477637108	-0.399586455644
2.27906687508	-5.54310152673
-0.822337096221	-2.26550818956
3.27390734039	-4.58323041577
-4.90609743876	1.44180927893
3.65106889142	-6.4516951278
4.0635622688	-6.79190043617
2.2288709153	-5.36607200478
-5.36170897882	3.43729405
1.62417751247	-6.53301137225
0.511303778606	-3.47810083579
2.39544760633	-4.10670116303
-3.07604659384	1.95452332203
1.54005202518	-1.72984951331
1.72224426523	-0.916743336793
-1.87565475763	2.96074098061
-3.37962332409	1.91415668314
-3.01024596022	3.00629676122
-0.988058477894	-1.08013828524
-0.507615287302	-0.195383222729
3.10546350937	-7.52918763067
-5.34015188808	1.7412653882
-4.5262068271	0.98851622851
-3.40574548838	3.26666118828
-3.99449455885	2.07965096153
-2.69309549909	3.19126538306
-2.24596717359	-0.246082757453
-5.51305172421	0.789847070798
-4.11722729262	1.88146175469
2.62703326997	-6.06903110254
-1.07519395513	-2.95794880135
-1.02194640932	-0.349472751029
1.23656627392	-6.42667436744
-1.20321748743	-1.17055090886
1.92763842691	-4.04216332335
-1.6999924047	-1.04597877275
1.61862505764	-5.88025060753
-1.97211877096	-3.20652586338
1.79862989069	-4.74124998909
-1.21726777115	-3.1104484397
-4.51124117698	2.38752982657
-0.833037572019	-2.87002378506
3.12657280436	-6.76754068742
1.90725470798	-4.98275196168
3.70691714383	-4.60904972461
-1.34487632328	-2.65686786187
-6.05810483157	2.63407987176
-2.757735821	3.74660067023
-3.89708213173	2.2791903575
-4.48267592299	1.94548528723
-4.31555525667	2.14170306144
-4.98009173335	1.67213519682
2.04753124798	-6.89482881359
-1.04223127274	-1.61269459003
-5.71035803365	0.679988199753
-3.06314084813	-0.0255786002798
3.46744439387	-6.1517354178
0.959608332358	-0.428151597343
-2.61647600066	1.3605579404
2.32274365968	-4.20987720937
-3.85239133806	0.84610460231
3.69826062828	-3.79430384898
-5.60609442092	2.63295998442
-0.964453627391	-2.25785889136
2.62103028054	-5.3185936548
-4.31513078282	0.0857216197381
2.33302687489	-5.13186487487
-0.418660366077	-0.464032872993
1.8679517419	-6.58140828934
-6.74630972787	1.45980709475
1.50188043113	-3.81308677834
-1.80092977016	-0.44079618436
3.03193781138	-6.10826812684
2.10335145064	-4.33805105741
-1.45242113764	-0.217719086565
3.03602786221	-6.1019826291
-0.132298740432	-2.2605520839
-5.26374383647	0.873398750243
0.846202793884	-2.66310178737
-3.90132032288	1.06358266407
2.72351985123	-5.87383316601
-3.76704859489	0.10963070203
-4.55599149548	1.91105008132
3.43021128975	-6.24392336947
2.73490021051	-7.39454836912
-2.64259219687	1.53858059623
-0.322399634288	-1.81927792558
-1.33078482342	-0.695525261236
3.33925228734	-5.60405345927
2.7231721804	-4.40942952994
4.45377965678	-4.97434804923
-6.15311924851	1.30735245211
-1.51302424699	-1.89775095275
-0.861635098413	-0.949066794214
-6.08599208711	1.80465542357
1.79626748692	-3.45064274969
-3.9275807853	2.149089107
-2.35025303122	-1.98412887343
-2.09959209424	1.66567131948
4.23627201812	-6.87283945923
-1.39289989769	-3.01304903775
5.29051199522	-6.97467534289
-0.511243472402	-1.37830789067
-3.34807002935	3.74097637917
-4.7945641418	0.424184600843
-1.06369576497	-0.656080732259
-2.88087688678	3.20234135549
-2.14437867151	-1.31468663684
1.93301634753	-4.48140334728
3.16082224462	-4.80241503649
1.55454371114	-5.47542896611
2.08869822743	-4.84051283559
-2.26674215747	2.64512501918
0.473664095832	-5.18705972113
-1.75519388612	1.9167496169
-0.0278374577422	-1.62254283956
2.75152894892	-6.91323854184
1.26514835754	-1.62755993015
-1.43080366952	-1.85614876471
-0.58359394383	-2.34594267109
-0.510202384281	-2.89536989798
0.424373075888	-1.11444412385
0.0606776616296	-2.39118916317
-1.81490195214	-1.56782423385
4.03580189799	-4.43561880591
-2.24249310216	-2.02286074462
3.61229544486	-5.81983394639
3.32042563629	-6.17863273267
1.61196297082	-5.15457444108
1.82221867839	-5.39886543486
-1.82724244841	-0.338987362397
3.67803644369	-5.76047446637
-0.808889668066	-1.33207822329
-0.253078843463	-1.36172280445
-3.16793989163	2.12257735145
-2.79465940174	-0.466944183106
-0.391378448602	0.281085467199
-5.20265790447	1.38124487849
-3.905869221	2.82063630481
-1.17103288981	-0.981673570816
-1.12532542801	-1.74102708978
-2.32159855629	2.51764387072
1.60754366809	-4.74843842178
2.08855517797	-5.28656955397
3.15673285824	-5.9268328461
0.882190566493	-2.204992563
-0.0350259815233	-1.93234322616
-3.04565773026	2.31827908927
3.32715170555	-5.24973579049
-4.13265905444	1.35236564776
-3.53376847643	1.64269309947
-3.4922856655	-3.41877293649
3.38779321161	-6.83107439981
1.44507552365	-5.05578445157
2.34094284599	-6.25049858659
2.84487851862	-6.80866779042
-3.59705394443	1.28126405541
3.93473976747	-5.91643117187
-0.108067941542	-2.67086398457
-3.81050166476	3.33243250094
-2.01569624817	-0.736266970432
1.31942609719	-6.72682309726
-3.18590030233	2.45705817428
3.12792543569	-5.03600120966
-1.73461572137	-0.0260029447648
-0.632233415019	-1.59650093401
0.154976905527	-0.985271125564
0.628507238866	-4.30421073383
-3.49316209758	1.67263587262
1.17585819613	-0.449103053627
3.04169317308	-6.14470411271
-4.64453159211	2.03620703382
3.18490701041	-6.41366902388
-4.36267021366	1.82828765535
2.45251378158	-5.87560144376
4.88114033419	-6.06422630468
4.18315285746	-5.0663240078
3.34151223878	-5.58585641401
-4.34061725388	3.09652351995
-0.79308889393	-0.78108482247
0.927706306373	-1.51557279258
-3.04969524543	1.48182889005
3.76459505272	-5.33803022644
-1.18718629775	-1.00099354802
0.754109163343	-1.56369890045
2.98858412319	-5.27823277556
1.54701925341	-5.21179535772
-4.16419236415	0.930326484868
-0.845228193985	0.567323431114
-3.10280816436	2.54116566207
5.12064414336	-6.44223454898
1.91321274198	-6.81440776116
-5.1411079889	2.24717551351
-3.02343069815	0.604663937741
-4.87588508757	1.49558516511
-2.00737675743	0.12914419056
-4.06109489994	1.48809951177
3.12318722881	-6.68806550478
-1.54481734013	-0.675715206123
-0.615849011717	-1.42860130579
0.768404970324	-1.07290015202
0.0796337739535	-2.47288284377
4.56018581384	-6.53731843071
2.44675904237	-6.57071276292
3.63581062439	-6.65715457782
-3.8281604095	2.11228445318
